agents:189
iterations:800
aveEnergy:42.772762
speed:202.020202
speedD:1.580000
speedA:0.270000
speedS:0.030000
moves:0.327478
turns:0.140590
attacks:0.033646
grows:0.406187
replications:0.092098
killedBySeed:234
killedByAttacks:303
killedByStarving:5091
