agents:169
iterations:400
aveEnergy:30.801849
speed:248.447205
speedD:1.260000
speedA:0.280000
speedS:0.030000
moves:0.346403
turns:0.148181
attacks:0.040793
grows:0.367106
replications:0.097516
killedBySeed:154
killedByAttacks:314
killedByStarving:4710
