agents:196
iterations:6000
aveE:9.092062
speed:212.765957
speedD:0.220000
speedA:0.250000
speedS:0.000000
